[PAGE_SETUP]
BOTTOM_MARGIN=1.000000
LEFT_MARGIN=1.000000
PAPER_SIZE=1
PAPER_SOURCE=15
RIGHT_MARGIN=1.000000
TOP_MARGIN=1.000000
